행정구역별(1),행정구역별(2),2017,2017신혼부부증감률,2018,2018신혼부부증감률,2019,2019신혼부부증감률,2020,2020신혼부부증감률,2021,2021신혼부부증감률
행정구역별(1),행정구역별(2),원데이터,증감률,원데이터,증감률,원데이터,증감률,원데이터,증감률,원데이터,증감률
전국,소계,1103270,-4.2,1052352,-4.6,998365,-5.1,938080,-6.0,871428,-7.1
서울특별시,소계,225322,-5.2,211434,-6.2,199294,-5.7,188790,-5.3,172850,-8.4
서울특별시,종로구,2614,1.4,2601,-0.5,2315,-11.0,2089,-9.8,1851,-11.4
서울특별시,중구,2970,-1.4,3003,1.1,2822,-6.0,2698,-4.4,2421,-10.3
서울특별시,용산구,5255,-4.8,5261,0.1,5004,-4.9,4762,-4.8,4622,-2.9
서울특별시,성동구,8809,4.7,8851,0.5,8292,-6.3,7630,-8.0,6754,-11.5
서울특별시,광진구,8756,-4.2,8184,-6.5,7462,-8.8,6557,-12.1,5806,-11.5
서울특별시,동대문구,6951,-7.4,6880,-1.0,6668,-3.1,6315,-5.3,5839,-7.5
서울특별시,중랑구,9270,-3.3,8770,-5.4,8044,-8.3,7760,-3.5,7444,-4.1
서울특별시,성북구,8646,-7.0,8034,-7.1,8134,1.2,7930,-2.5,7371,-7.0
서울특별시,강북구,5526,-6.8,5026,-9.0,4636,-7.8,4274,-7.8,3800,-11.1
서울특별시,도봉구,6413,-8.1,5866,-8.5,5307,-9.5,4828,-9.0,4340,-10.1
서울특별시,노원구,11775,-9.1,10505,-10.8,9512,-9.5,8926,-6.2,8524,-4.5
서울특별시,은평구,10575,-8.5,9923,-6.2,9551,-3.7,9330,-2.3,8497,-8.9
서울특별시,서대문구,6677,-5.2,6161,-7.7,5933,-3.7,6045,1.9,5294,-12.4
서울특별시,마포구,10300,-6.9,9625,-6.6,8980,-6.7,8359,-6.9,7505,-10.2
서울특별시,양천구,9285,-7.0,8521,-8.2,7673,-10.0,7204,-6.1,6498,-9.8
서울특별시,강서구,17524,-2.2,16258,-7.2,14976,-7.9,13416,-10.4,12055,-10.1
서울특별시,구로구,10473,-9.5,9831,-6.1,9559,-2.8,9472,-0.9,8548,-9.8
서울특별시,금천구,4967,0.0,4663,-6.1,4474,-4.1,4225,-5.6,4043,-4.3
서울특별시,영등포구,10278,-2.7,10025,-2.5,9578,-4.5,9959,4.0,9412,-5.5
서울특별시,동작구,9872,-6.8,8939,-9.5,8513,-4.8,7769,-8.7,7032,-9.5
서울특별시,관악구,11167,-7.2,10454,-6.4,9429,-9.8,8483,-10.0,7389,-12.9
서울특별시,서초구,9950,-9.4,9024,-9.3,8512,-5.7,7695,-9.6,6930,-9.9
서울특별시,강남구,10449,-10.9,9358,-10.4,8784,-6.1,8044,-8.4,7206,-10.4
서울특별시,송파구,17008,1.6,16546,-2.7,16151,-2.4,14665,-9.2,13184,-10.1
서울특별시,강동구,9816,-2.1,9130,-7.0,8992,-1.5,10361,15.2,10493,1.3
부산광역시,소계,67310,-5.7,62331,-7.4,57847,-7.2,54379,-6.0,50222,-7.6
부산광역시,중구,559,-10.8,496,-11.3,416,-16.1,337,-19.0,346,2.7
부산광역시,서구,1449,-9.7,1406,-3.0,1293,-8.0,1248,-3.5,1148,-8.0
부산광역시,동구,1123,-5.1,1101,-2.0,1224,11.2,1409,15.1,1345,-4.5
부산광역시,영도구,1435,-11.9,1284,-10.5,1170,-8.9,996,-14.9,993,-0.3
부산광역시,부산진구,7497,-5.4,6703,-10.6,6009,-10.4,5883,-2.1,5709,-3.0
부산광역시,동래구,4661,-5.4,4416,-5.3,4550,3.0,4522,-0.6,4006,-11.4
부산광역시,남구,4343,-10.2,4499,3.6,4187,-6.9,3583,-14.4,3135,-12.5
부산광역시,북구,6417,-7.5,5604,-12.7,4911,-12.4,4593,-6.5,4521,-1.6
부산광역시,해운대구,7126,-11.4,6596,-7.4,6194,-6.1,5763,-7.0,5505,-4.5
부산광역시,사하구,6713,-3.9,6130,-8.7,5451,-11.1,4697,-13.8,4259,-9.3
부산광역시,금정구,3673,-5.7,3550,-3.3,3229,-9.0,2825,-12.5,2576,-8.8
부산광역시,강서구,5259,13.8,4974,-5.4,4735,-4.8,4715,-0.4,4353,-7.7
부산광역시,연제구,4174,1.2,3960,-5.1,4113,3.9,4037,-1.8,3478,-13.8
부산광역시,수영구,3691,-4.5,3435,-6.9,3242,-5.6,3028,-6.6,2720,-10.2
부산광역시,사상구,4447,-9.1,3877,-12.8,3420,-11.8,2958,-13.5,2673,-9.6
부산광역시,기장군,4749,-10.8,4305,-9.3,3708,-13.9,3788,2.2,3458,-8.7
대구광역시,소계,48531,-4.1,46563,-4.1,44108,-5.3,40722,-7.7,36807,-9.6
대구광역시,중구,1635,-10.1,1745,6.7,1658,-5.0,1436,-13.4,1306,-9.1
대구광역시,동구,7631,-4.3,7609,-0.3,7034,-7.6,6372,-9.4,5969,-6.3
대구광역시,서구,2493,-16.4,2153,-13.6,1805,-16.2,1569,-13.1,1347,-14.1
대구광역시,남구,2340,-10.9,2088,-10.8,1937,-7.2,1808,-6.7,1699,-6.0
대구광역시,북구,9267,-5.0,8920,-3.7,8549,-4.2,8197,-4.1,7334,-10.5
대구광역시,수성구,5931,-8.4,5355,-9.7,5053,-5.6,4785,-5.3,4473,-6.5
대구광역시,달서구,10941,-11.0,10114,-7.6,9723,-3.9,8773,-9.8,7720,-12.0
대구광역시,달성군,8295,24.3,8580,3.4,8351,-2.7,7785,-6.8,6961,-10.6
인천광역시,소계,64788,-5.2,61692,-4.8,57804,-6.3,52579,-9.0,49626,-5.6
인천광역시,중구,2653,-0.8,2559,-3.5,2995,17.0,2996,0.0,2931,-2.2
인천광역시,동구,1281,-9.7,1089,-15.0,895,-17.8,705,-21.2,732,3.8
인천광역시,연수구,7375,-1.1,7247,-1.7,8164,12.7,8486,3.9,7898,-6.9
인천광역시,남동구,11924,-5.2,11350,-4.8,10192,-10.2,9056,-11.1,8017,-11.5
인천광역시,부평구,12650,-7.1,11349,-10.3,9808,-13.6,8417,-14.2,7860,-6.6
인천광역시,계양구,6453,-8.7,5628,-12.8,4826,-14.3,4205,-12.9,4071,-3.2
인천광역시,서구,12417,-7.8,13056,5.1,12426,-4.8,11237,-9.6,10750,-4.3
인천광역시,미추홀구,9058,-0.6,8474,-6.4,7586,-10.5,6612,-12.8,6541,-1.1
인천광역시,강화군,604,-2.3,600,-0.7,618,3.0,601,-2.8,577,-4.0
인천광역시,옹진군,375,4.2,342,-8.8,296,-13.5,265,-10.5,251,-5.3
광주광역시,소계,30488,-4.7,28782,-5.6,27255,-5.3,25479,-6.5,23923,-6.1
광주광역시,동구,1634,-2.4,1539,-5.8,1703,10.7,1958,15.0,1976,0.9
광주광역시,서구,5986,-4.7,5509,-8.0,5136,-6.8,4574,-10.9,4073,-11.0
광주광역시,남구,3872,-5.3,3691,-4.7,3570,-3.3,3220,-9.8,3062,-4.9
광주광역시,북구,9408,-4.2,9212,-2.1,8392,-8.9,7801,-7.0,7444,-4.6
광주광역시,광산구,9588,-5.4,8833,-7.9,8455,-4.3,7928,-6.2,7369,-7.1
대전광역시,소계,32845,-5.7,30729,-6.4,28300,-7.9,26153,-7.6,24401,-6.7
대전광역시,동구,3989,-11.6,3674,-7.9,3492,-5.0,3077,-11.9,3117,1.3
대전광역시,중구,4267,-7.4,3902,-8.6,3497,-10.4,3189,-8.8,2907,-8.8
대전광역시,서구,10752,-5.8,10198,-5.2,9625,-5.6,8911,-7.4,8253,-7.4
대전광역시,유성구,10650,-0.5,10068,-5.5,9210,-8.5,8679,-5.8,7803,-10.1
대전광역시,대덕구,3188,-11.3,2889,-9.4,2476,-14.3,2299,-7.1,2322,1.0
울산광역시,소계,28292,-5.8,26119,-7.7,24045,-7.9,21990,-8.5,19463,-11.5
울산광역시,중구,5222,-8.6,4407,-15.6,3740,-15.1,3384,-9.5,2905,-14.2
울산광역시,남구,7470,-7.3,6782,-9.2,6144,-9.4,5968,-2.9,5435,-8.9
울산광역시,동구,5256,-8.9,4442,-15.5,3599,-19.0,2903,-19.3,2361,-18.7
울산광역시,북구,5965,2.6,6130,2.8,6390,4.2,5986,-6.3,5320,-11.1
울산광역시,울주군,4380,-6.5,4360,-0.5,4174,-4.3,3750,-10.2,3443,-8.2
세종특별자치시,소계,9478,12.6,10719,13.1,11249,4.9,10668,-5.2,10029,-6.0
세종특별자치시,세종시,9478,12.6,10719,13.1,11249,4.9,10668,-5.2,10029,-6.0
경기도,소계,297749,-3.1,292197,-1.9,283212,-3.1,271785,-4.0,258971,-4.7
경기도,수원시,31520,-4.2,29671,-5.9,26817,-9.6,24781,-7.6,23385,-5.6
경기도,장안구,5770,-8.6,5043,-12.6,4370,-13.3,3899,-10.8,3917,0.5
경기도,권선구,10027,-3.3,10185,1.6,8980,-11.8,8233,-8.3,7403,-10.1
경기도,팔달구,4126,-7.1,3453,-16.3,2935,-15.0,2689,-8.4,3188,18.6
경기도,영통구,11598,-1.6,10991,-5.2,10532,-4.2,9961,-5.4,8878,-10.9
경기도,성남시,22948,-8.0,20801,-9.4,18936,-9.0,18240,-3.7,17184,-5.8
경기도,수정구,5323,-4.4,4879,-8.3,4691,-3.9,4896,4.4,4525,-7.6
경기도,중원구,4830,-11.7,4304,-10.9,3827,-11.1,3758,-1.8,3664,-2.5
경기도,분당구,12795,-7.9,11619,-9.2,10418,-10.3,9587,-8.0,8996,-6.2
경기도,의정부시,8511,-3.7,8610,1.2,8628,0.2,8383,-2.8,8155,-2.7
경기도,안양시,13942,-3.7,12931,-7.3,12084,-6.6,10875,-10.0,10493,-3.5
경기도,만안구,5828,3.6,5452,-6.5,4953,-9.2,4520,-8.7,4452,-1.5
경기도,동안구,8115,-8.4,7479,-7.8,7131,-4.7,6355,-10.9,6042,-4.9
경기도,부천시,19275,-3.0,18155,-5.8,16336,-10.0,15074,-7.7,13850,-8.1
경기도,광명시,7812,-9.6,7419,-5.0,6659,-10.2,5919,-11.1,5441,-8.1
경기도,평택시,11447,-1.4,11455,0.1,11813,3.1,12098,2.4,12743,5.3
경기도,동두천시,1677,-10.4,1533,-8.6,1277,-16.7,1248,-2.3,1173,-6.0
경기도,안산시,13110,-7.8,11765,-10.3,11117,-5.5,10733,-3.5,10257,-4.4
경기도,상록구,7484,-7.5,6503,-13.1,5405,-16.9,5140,-4.9,4898,-4.7
경기도,단원구,5627,-8.2,5262,-6.5,5713,8.6,5594,-2.1,5359,-4.2
경기도,고양시,22170,-5.1,20627,-7.0,20762,0.7,20176,-2.8,19308,-4.3
경기도,덕양구,10616,-3.2,10152,-4.4,10658,5.0,10540,-1.1,10332,-2.0
경기도,일산동구,5784,-5.5,5350,-7.5,4910,-8.2,4554,-7.3,4319,-5.2
경기도,일산서구,5771,-8.1,5126,-11.2,5194,1.3,5083,-2.1,4657,-8.4
경기도,과천시,923,-23.8,969,5.0,1049,8.3,1265,20.6,1517,19.9
경기도,구리시,4280,3.9,4382,2.4,3882,-11.4,3559,-8.3,3302,-7.2
경기도,남양주시,13325,-7.5,12855,-3.5,12995,1.1,12168,-6.4,12208,0.3
경기도,오산시,5576,-6.4,5693,2.1,5503,-3.3,5301,-3.7,4671,-11.9
경기도,시흥시,8996,6.1,10327,14.8,11137,7.8,11552,3.7,11189,-3.1
경기도,군포시,7371,-9.2,6682,-9.3,6226,-6.8,5647,-9.3,5195,-8.0
경기도,의왕시,2976,-11.2,2641,-11.3,2942,11.4,3377,14.8,3201,-5.2
경기도,하남시,6191,14.7,6414,3.6,7181,12.0,7321,1.9,7821,6.8
경기도,용인시,22868,-5.1,23003,0.6,23069,0.3,21940,-4.9,19876,-9.4
경기도,처인구,4598,-2.3,5279,14.8,5095,-3.5,4703,-7.7,4341,-7.7
경기도,기흥구,10132,-8.0,9717,-4.1,9859,1.5,9069,-8.0,8196,-9.6
경기도,수지구,8138,-3.0,8007,-1.6,8116,1.4,8169,0.7,7339,-10.2
경기도,파주시,10712,-4.0,11418,6.6,10835,-5.1,9911,-8.5,9655,-2.6
경기도,이천시,5051,-2.1,4798,-5.0,4507,-6.1,4211,-6.6,4167,-1.0
경기도,안성시,3506,-8.3,3364,-4.1,3167,-5.9,2954,-6.7,2872,-2.8
경기도,김포시,10518,7.9,11639,10.7,11147,-4.2,11734,5.3,11330,-3.4
경기도,화성시,21687,7.4,23962,10.5,25002,4.3,24492,-2.0,22775,-7.0
경기도,광주시,9766,3.5,10004,2.4,9492,-5.1,8713,-8.2,7761,-10.9
경기도,양주시,4072,2.5,3993,-1.9,4107,2.9,4207,2.4,3957,-5.9
경기도,포천시,2359,-6.5,2249,-4.7,2022,-10.1,1837,-9.1,1754,-4.5
경기도,여주시,1849,-3.7,1702,-8.0,1602,-5.9,1444,-9.9,1344,-6.9
경기도,연천군,801,-4.4,751,-6.2,705,-6.1,644,-8.7,569,-11.6
경기도,가평군,894,-2.8,866,-3.1,828,-4.4,706,-14.7,640,-9.3
경기도,양평군,1621,3.0,1524,-6.0,1391,-8.7,1285,-7.6,1187,-7.6
강원도,소계,26836,-2.9,26089,-2.8,25484,-2.3,24377,-4.3,23046,-5.5
강원도,춘천시,5462,-1.9,5337,-2.3,5175,-3.0,5030,-2.8,4851,-3.6
강원도,원주시,6775,-1.0,6646,-1.9,6743,1.5,6629,-1.7,6411,-3.3
강원도,강릉시,3401,-3.0,3260,-4.1,3307,1.4,3182,-3.8,3079,-3.2
강원도,동해시,1600,-4.8,1453,-9.2,1359,-6.5,1325,-2.5,1257,-5.1
강원도,태백시,619,-8.4,576,-6.9,520,-9.7,464,-10.8,394,-15.1
강원도,속초시,1435,-4.3,1365,-4.9,1341,-1.8,1371,2.2,1251,-8.8
강원도,삼척시,937,-7.9,1032,10.1,993,-3.8,887,-10.7,770,-13.2
강원도,홍천군,1059,-3.8,1014,-4.2,889,-12.3,817,-8.1,751,-8.1
강원도,횡성군,437,-7.6,452,3.4,450,-0.4,406,-9.8,370,-8.9
강원도,영월군,414,-1.4,382,-7.7,362,-5.2,342,-5.5,307,-10.2
강원도,평창군,532,-1.8,496,-6.8,452,-8.9,382,-15.5,329,-13.9
강원도,정선군,509,-5.4,479,-5.9,453,-5.4,352,-22.3,313,-11.1
강원도,철원군,980,-3.4,1009,3.0,938,-7.0,888,-5.3,819,-7.8
강원도,화천군,649,-6.3,619,-4.6,581,-6.1,569,-2.1,495,-13.0
강원도,양구군,577,-1.2,581,0.7,557,-4.1,495,-11.1,445,-10.1
강원도,인제군,815,0.6,765,-6.1,730,-4.6,685,-6.2,670,-2.2
강원도,고성군,347,-8.2,336,-3.2,324,-3.6,261,-19.4,257,-1.5
강원도,양양군,292,-3.0,291,-0.3,314,7.9,297,-5.4,281,-5.4
충청북도,소계,31498,-4.0,29965,-4.9,28831,-3.8,27209,-5.6,25299,-7.0
충청북도,충주시,3565,-2.1,3498,-1.9,3414,-2.4,3278,-4.0,3061,-6.6
충청북도,제천시,2130,-4.5,2030,-4.7,1940,-4.4,1791,-7.7,1579,-11.8
충청북도,청주시,19494,-5.1,18382,-5.7,17706,-3.7,16958,-4.2,16093,-5.1
충청북도,상당구,2734,-10.6,2750,0.6,2721,-1.1,3204,17.8,3310,3.3
충청북도,서원구,4331,-5.3,3796,-12.4,3327,-12.4,2885,-13.3,2675,-7.3
충청북도,흥덕구,6211,-5.0,5804,-6.6,6170,6.3,6107,-1.0,5725,-6.3
충청북도,청원구,6218,-2.4,6033,-3.0,5488,-9.0,4763,-13.2,4383,-8.0
충청북도,보은군,391,1.0,353,-9.7,314,-11.0,249,-20.7,211,-15.3
충청북도,옥천군,505,-13.2,494,-2.2,438,-11.3,393,-10.3,372,-5.3
충청북도,영동군,537,0.9,529,-1.5,508,-4.0,428,-15.7,342,-20.1
충청북도,진천군,1565,18.5,1697,8.4,1786,5.2,1769,-1.0,1642,-7.2
충청북도,괴산군,330,-7.0,311,-5.8,309,-0.6,277,-10.4,228,-17.7
충청북도,음성군,1726,-10.3,1549,-10.3,1381,-10.8,1154,-16.4,963,-16.6
충청북도,단양군,287,-4.3,272,-5.2,266,-2.2,218,-18.0,192,-11.9
충청북도,증평군,971,-2.2,852,-12.3,771,-9.5,696,-9.7,618,-11.2
충청남도,소계,44519,-2.6,42820,-3.8,40519,-5.4,37316,-7.9,34004,-8.9
충청남도,천안시,16869,-0.2,16840,-0.2,16268,-3.4,15733,-3.3,14149,-10.1
충청남도,동남구,5030,-12.7,4925,-2.1,4852,-1.5,4571,-5.8,4044,-11.5
충청남도,서북구,11840,6.3,11915,0.6,11417,-4.2,11162,-2.2,10106,-9.5
충청남도,공주시,1288,-5.1,1230,-4.5,1163,-5.4,1058,-9.0,988,-6.6
충청남도,보령시,1447,-4.3,1342,-7.3,1262,-6.0,1174,-7.0,1055,-10.1
충청남도,아산시,8917,-3.7,8262,-7.3,7673,-7.1,6425,-16.3,6208,-3.4
충청남도,서산시,3863,-2.9,3882,0.5,3736,-3.8,3508,-6.1,3206,-8.6
충청남도,논산시,1626,-2.8,1535,-5.6,1472,-4.1,1351,-8.2,1183,-12.4
충청남도,계룡시,759,-0.5,647,-14.8,568,-12.2,515,-9.3,499,-3.1
충청남도,당진시,4363,-4.7,4074,-6.6,3665,-10.0,3243,-11.5,2902,-10.5
충청남도,금산군,526,-15.7,477,-9.3,418,-12.4,382,-8.6,320,-16.2
충청남도,부여군,624,-5.0,592,-5.1,507,-14.4,428,-15.6,364,-15.0
충청남도,서천군,504,-3.6,463,-8.1,402,-13.2,363,-9.7,318,-12.4
충청남도,청양군,263,-15.2,236,-10.3,231,-2.1,201,-13.0,192,-4.5
충청남도,홍성군,1933,0.2,1803,-6.7,1730,-4.0,1622,-6.2,1434,-11.6
충청남도,예산군,754,-5.3,761,0.9,750,-1.4,715,-4.7,640,-10.5
충청남도,태안군,787,-6.8,681,-13.5,675,-0.9,601,-11.0,550,-8.5
전라북도,소계,30553,-5.8,28489,-6.8,26566,-6.7,24580,-7.5,22666,-7.8
전라북도,전주시,12689,-5.5,12351,-2.7,11956,-3.2,11360,-5.0,10711,-5.7
전라북도,완산구,6780,-7.2,5977,-11.8,5291,-11.5,5110,-3.4,4662,-8.8
전라북도,덕진구,5909,-3.5,6374,7.9,6665,4.6,6250,-6.2,6050,-3.2
전라북도,군산시,5174,-9.8,4647,-10.2,4335,-6.7,3857,-11.0,3520,-8.7
전라북도,익산시,4907,-4.8,4411,-10.1,3900,-11.6,3380,-13.3,3045,-9.9
전라북도,정읍시,1352,-4.2,1250,-7.5,1118,-10.6,1054,-5.7,947,-10.2
전라북도,남원시,998,-4.2,931,-6.7,893,-4.1,884,-1.0,774,-12.4
전라북도,김제시,976,-2.5,848,-13.1,732,-13.7,684,-6.6,655,-4.2
전라북도,완주군,1861,-6.3,1582,-15.0,1260,-20.4,1150,-8.7,1083,-5.8
전라북도,진안군,286,-6.2,290,1.4,267,-7.9,262,-1.9,218,-16.8
전라북도,무주군,241,-7.3,234,-2.9,242,3.4,220,-9.1,212,-3.6
전라북도,장수군,227,-9.2,211,-7.0,218,3.3,211,-3.2,177,-16.1
전라북도,임실군,324,9.5,330,1.9,311,-5.8,289,-7.1,268,-7.3
전라북도,순창군,365,-2.1,355,-2.7,333,-6.2,294,-11.7,222,-24.5
전라북도,고창군,584,-4.3,535,-8.4,529,-1.1,479,-9.5,432,-9.8
전라북도,부안군,573,-4.2,517,-9.8,475,-8.1,459,-3.4,404,-12.0
전라남도,소계,31053,-4.0,29011,-6.6,27441,-5.4,25611,-6.7,23618,-7.8
전라남도,목포시,4223,-9.3,3851,-8.8,3502,-9.1,3008,-14.1,2626,-12.7
전라남도,여수시,5436,-3.2,5011,-7.8,4636,-7.5,4305,-7.1,3882,-9.8
전라남도,순천시,5282,-3.3,5188,-1.8,5180,-0.2,4920,-5.0,4675,-5.0
전라남도,나주시,2647,15.0,2607,-1.5,2465,-5.4,2379,-3.5,2312,-2.8
전라남도,광양시,3400,-3.4,3162,-7.0,2936,-7.1,2687,-8.5,2504,-6.8
전라남도,담양군,524,-5.2,492,-6.1,475,-3.5,436,-8.2,431,-1.1
전라남도,곡성군,277,-5.8,247,-10.8,219,-11.3,186,-15.1,157,-15.6
전라남도,구례군,261,-7.4,239,-8.4,215,-10.0,183,-14.9,155,-15.3
전라남도,고흥군,515,-1.9,490,-4.9,506,3.3,508,0.4,438,-13.8
전라남도,보성군,421,-6.4,383,-9.0,331,-13.6,271,-18.1,237,-12.5
전라남도,화순군,683,-6.6,624,-8.6,582,-6.7,570,-2.1,557,-2.3
전라남도,장흥군,402,-5.4,400,-0.5,392,-2.0,373,-4.8,338,-9.4
전라남도,강진군,398,-8.9,382,-4.0,358,-6.3,308,-14.0,267,-13.3
전라남도,해남군,984,-13.9,910,-7.5,839,-7.8,788,-6.1,653,-17.1
전라남도,영암군,905,-13.1,780,-13.8,699,-10.4,619,-11.4,486,-21.5
전라남도,무안군,1525,-3.8,1378,-9.6,1231,-10.7,1369,11.2,1591,16.2
전라남도,함평군,319,-4.8,276,-13.5,259,-6.2,225,-13.1,178,-20.9
전라남도,영광군,747,-4.5,705,-5.6,805,14.2,843,4.7,744,-11.7
전라남도,장성군,647,2.1,585,-9.6,554,-5.3,491,-11.4,418,-14.9
전라남도,완도군,677,-11.0,591,-12.7,596,0.8,559,-6.2,461,-17.5
전라남도,진도군,354,-5.3,329,-7.1,333,1.2,298,-10.5,273,-8.4
전라남도,신안군,430,-4.2,386,-10.2,336,-13.0,293,-12.8,241,-17.7
경상북도,소계,50258,-5.1,46630,-7.2,43290,-7.2,39565,-8.6,36052,-8.9
경상북도,포항시,10611,-5.8,9590,-9.6,8763,-8.6,8078,-7.8,7476,-7.5
경상북도,남구,5064,-7.7,4469,-11.7,4034,-9.7,3446,-14.6,3098,-10.1
경상북도,북구,5547,-4.0,5121,-7.7,4729,-7.7,4632,-2.1,4378,-5.5
경상북도,경주시,4036,-6.1,3816,-5.5,3584,-6.1,3326,-7.2,3212,-3.4
경상북도,김천시,2674,-0.2,2482,-7.2,2347,-5.4,2182,-7.0,1981,-9.2
경상북도,안동시,2803,-6.7,2562,-8.6,2332,-9.0,2141,-8.2,1981,-7.5
경상북도,구미시,11482,-3.8,10760,-6.3,9896,-8.0,9178,-7.3,8161,-11.1
경상북도,영주시,1482,-4.2,1379,-7.0,1259,-8.7,1144,-9.1,1042,-8.9
경상북도,영천시,1432,-4.0,1330,-7.1,1383,4.0,1294,-6.4,1239,-4.3
경상북도,상주시,1165,-6.5,1104,-5.2,1031,-6.6,941,-8.7,827,-12.1
경상북도,문경시,921,-7.8,821,-10.9,768,-6.5,699,-9.0,629,-10.0
경상북도,경산시,5943,-5.5,5544,-6.7,5211,-6.0,4743,-9.0,4514,-4.8
경상북도,군위군,201,-3.8,194,-3.5,166,-14.4,134,-19.3,114,-14.9
경상북도,의성군,435,-8.0,400,-8.0,443,10.8,400,-9.7,321,-19.8
경상북도,청송군,297,-3.3,252,-15.2,211,-16.3,207,-1.9,196,-5.3
경상북도,영양군,175,-10.7,163,-6.9,166,1.8,146,-12.0,116,-20.5
경상북도,영덕군,396,-3.4,392,-1.0,384,-2.0,330,-14.1,250,-24.2
경상북도,청도군,341,-9.1,302,-11.4,295,-2.3,271,-8.1,217,-19.9
경상북도,고령군,370,-10.0,320,-13.5,274,-14.4,218,-20.4,185,-15.1
경상북도,성주군,509,-2.5,455,-10.6,410,-9.9,395,-3.7,358,-9.4
경상북도,칠곡군,3046,-10.4,2703,-11.3,2299,-14.9,1769,-23.1,1461,-17.4
경상북도,예천군,658,15.6,883,34.2,953,7.9,960,0.7,911,-5.1
경상북도,봉화군,335,-3.5,312,-6.9,281,-9.9,226,-19.6,169,-25.2
경상북도,울진군,814,-6.2,737,-9.5,722,-2.0,692,-4.2,605,-12.6
경상북도,울릉군,137,-4.9,135,-1.5,116,-14.1,98,-15.5,92,-6.1
경상남도,소계,70203,-4.1,65504,-6.7,60469,-7.7,54844,-9.3,49200,-10.3
경상남도,진주시,6917,-2.1,6533,-5.6,6387,-2.2,6008,-5.9,5782,-3.8
경상남도,통영시,2303,-14.9,2005,-12.9,1709,-14.8,1482,-13.3,1233,-16.8
경상남도,사천시,2073,-6.6,1978,-4.6,1713,-13.4,1570,-8.3,1447,-7.8
경상남도,김해시,11867,-4.5,11077,-6.7,10913,-1.5,10497,-3.8,9338,-11.0
경상남도,밀양시,1345,-6.9,1223,-9.1,1118,-8.6,1022,-8.6,911,-10.9
경상남도,거제시,8024,-10.4,7003,-12.7,5873,-16.1,4705,-19.9,3703,-21.3
경상남도,양산시,9356,11.2,9320,-0.4,8428,-9.6,7622,-9.6,6915,-9.3
경상남도,창원시,22850,-5.4,21536,-5.8,20009,-7.1,18151,-9.3,16655,-8.2
경상남도,의창구,5376,-4.2,5165,-3.9,5200,0.7,5208,0.2,3842,-26.2
경상남도,성산구,5246,-6.8,5231,-0.3,4806,-8.1,3959,-17.6,4283,8.2
경상남도,마산합포구,3506,-2.3,3314,-5.5,2958,-10.7,2584,-12.6,2792,8.0
경상남도,마산회원구,3554,-11.0,3032,-14.7,2684,-11.5,2585,-3.7,2289,-11.5
경상남도,진해구,5169,-2.9,4796,-7.2,4361,-9.1,3816,-12.5,3450,-9.6
경상남도,의령군,243,-4.7,223,-8.2,204,-8.5,194,-4.9,172,-11.3
경상남도,함안군,1088,-8.0,923,-15.2,776,-15.9,617,-20.5,507,-17.8
경상남도,창녕군,854,-0.4,790,-7.5,739,-6.5,630,-14.7,499,-20.8
경상남도,고성군,608,-9.4,479,-21.2,408,-14.8,328,-19.6,271,-17.4
경상남도,남해군,330,-2.7,299,-9.4,276,-7.7,266,-3.6,257,-3.4
경상남도,하동군,439,-11.1,389,-11.4,337,-13.4,284,-15.7,222,-21.8
경상남도,산청군,333,-7.8,320,-3.9,274,-14.4,239,-12.8,203,-15.1
경상남도,함양군,384,-6.8,344,-10.4,319,-7.3,298,-6.6,266,-10.7
경상남도,거창군,801,-5.3,724,-9.6,671,-7.3,629,-6.3,573,-8.9
경상남도,합천군,393,-3.7,342,-13.0,321,-6.1,306,-4.7,251,-18.0
제주특별자치도,소계,13552,-0.1,13280,-2.0,12656,-4.7,12037,-4.9,11256,-6.5
제주특별자치도,제주시,10383,-1.6,10125,-2.5,9635,-4.8,9260,-3.9,8648,-6.6
제주특별자치도,서귀포시,3170,5.4,3156,-0.4,3021,-4.3,2777,-8.1,2608,-6.1
